original tree
          50
     20         80
   10  30    60    90
         40    70    100

complete tree
          50
       20               80
   10      30        60    90
 40  70 100

 heapified

           50
       20           80
   10     100    60    90
 40  70 30

            50
       20           80
   70     100    60    90
 40  10 30

             50
      100          90
   70     20    60    80
 40  10 30

              50
      100          90
   70     30    60    80
 40  10 20

             100
      50           90
   70     30    60    80
 40  10 20

             100
      70           90
   50     30    60    80
 40  10 20


last step: removing root

             90
      70           80
   50     30    60    
 40  10 20
